0000001
0000003
0000006
0000009
0000011
0000013
0000016
0000024
0000025
0000028
0000029
0000031
0000037
0000039
0000041
0000055
0000061
0000063
0000068
0000074
0000080
0000089
0000112
0000117
0000134
0000135
0000137
0000140
0000147
0000148
0000158
0000174
0000186
0000193
0000194
0000195
0000198
0000213
0000525
0000532
0000605
0000616
0000934
2000013
4900016 
4900023
4900200
4900275
595701
7770009
7770086
901045
901092
901103
901107
901109
901126
901140
901148
901200
901202
901204
901220
901240
901341
901344
901345
901362
901366
901367
901371
901381
901382
901414
901415
901418
901422
901482
901507
901509
901510
901519
901580
901601
901611
901620
901621
901622
901644
901645
901647
901690
901691
901695
901696
901965
